crossing time (s)	slope (V/s)	crossing number
281474976710655.000000	31.983089	10553	0.000000
281474976710655.000000	31.366646	10554	0.000000
281474976710655.000000	25.443514	10555	0.000000
281474976710655.000000	34.320915	10556	0.000000
281474976710655.000000	28.941240	10557	0.000000
281474976710655.000000	30.025204	10558	0.000000
281474976710655.000000	29.486563	10559	0.000000
281474976710655.000000	26.779015	10560	0.000000
281474976710655.000000	30.383343	10561	0.000000
281474976710655.000000	27.012430	10562	0.000000
281474976710655.000000	29.468237	10563	0.000000
281474976710655.000000	33.165646	10564	0.000000
281474976710655.000000	27.725399	10565	0.000000
281474976710655.000000	27.505625	10566	0.000000
281474976710655.000000	23.758509	10567	0.000000
281474976710655.000000	28.793852	10568	0.000000
281474976710655.000000	29.843611	10569	0.000000
281474976710655.000000	33.789032	10570	0.000000
281474976710655.000000	29.186481	10571	0.000000
281474976710655.000000	24.112192	10572	0.000000
281474976710655.000000	24.600592	10573	0.000000
281474976710655.000000	27.319433	10574	0.000000
281474976710655.000000	32.023949	10575	0.000000
281474976710655.000000	32.975925	10576	0.000000
281474976710655.000000	27.040773	10577	0.000000
281474976710655.000000	32.182961	10578	0.000000
281474976710655.000000	30.360243	10579	0.000000
281474976710655.000000	23.109575	10580	0.000000
281474976710655.000000	26.259319	10581	0.000000
281474976710655.000000	28.886665	10582	0.000000
281474976710655.000000	24.957392	10583	0.000000
281474976710655.000000	27.293859	10584	0.000000
281474976710655.000000	33.098839	10585	0.000000
281474976710655.000000	25.843515	10586	0.000000
281474976710655.000000	24.585825	10587	0.000000
281474976710655.000000	33.148701	10588	0.000000
281474976710655.000000	29.011847	10589	0.000000
281474976710655.000000	28.191668	10590	0.000000
281474976710655.000000	30.639305	10591	0.000000
281474976710655.000000	26.718237	10592	0.000000
281474976710655.000000	26.814861	10593	0.000000
281474976710655.000000	26.292252	10594	0.000000
281474976710655.000000	28.497976	10595	0.000000
281474976710655.000000	25.200388	10596	0.000000
281474976710655.000000	26.657791	10597	0.000000
281474976710655.000000	29.977291	10598	0.000000
281474976710655.000000	32.699478	10599	0.000000
281474976710655.000000	27.265589	10600	0.000000
281474976710655.000000	26.228399	10601	0.000000
281474976710655.000000	27.456730	10602	0.000000
281474976710655.000000	31.792500	10603	0.000000
281474976710655.000000	24.926874	10604	0.000000
281474976710655.000000	26.279299	10605	0.000000
281474976710655.000000	29.102339	10606	0.000000
281474976710655.000000	26.966724	10607	0.000000
281474976710655.000000	28.498413	10608	0.000000
281474976710655.000000	29.612095	10609	0.000000
281474976710655.000000	24.300552	10610	0.000000
281474976710655.000000	24.565399	10611	0.000000
281474976710655.000000	27.596258	10612	0.000000
281474976710655.000000	29.918690	10613	0.000000
281474976710655.000000	27.392485	10614	0.000000
281474976710655.000000	23.105803	10615	0.000000
281474976710655.000000	27.900990	10616	0.000000
281474976710655.000000	33.859173	10617	0.000000
281474976710655.000000	26.927015	10618	0.000000
281474976710655.000000	23.239288	10619	0.000000
281474976710655.000000	29.351906	10620	0.000000
281474976710655.000000	32.678192	10621	0.000000
281474976710655.000000	24.822212	10622	0.000000
281474976710655.000000	24.962795	10623	0.000000
281474976710655.000000	25.789104	10624	0.000000
281474976710655.000000	23.598988	10625	0.000000
281474976710655.000000	29.651379	10626	0.000000
281474976710655.000000	27.176573	10627	0.000000
281474976710655.000000	27.905800	10628	0.000000
281474976710655.000000	25.025030	10629	0.000000
281474976710655.000000	25.683563	10630	0.000000
281474976710655.000000	28.058010	10631	0.000000
281474976710655.000000	30.580633	10632	0.000000
281474976710655.000000	24.720406	10633	0.000000
281474976710655.000000	21.727966	10634	0.000000
281474976710655.000000	21.725073	10635	0.000000
281474976710655.000000	25.096495	10636	0.000000
281474976710655.000000	27.685789	10637	0.000000
281474976710655.000000	27.247713	10638	0.000000
281474976710655.000000	24.443399	10639	0.000000
281474976710655.000000	23.216110	10640	0.000000
281474976710655.000000	26.715870	10641	0.000000
281474976710655.000000	26.232010	10642	0.000000
281474976710655.000000	25.547344	10643	0.000000
281474976710655.000000	23.630379	10644	0.000000
281474976710655.000000	25.954006	10645	0.000000
281474976710655.000000	27.310957	10646	0.000000
281474976710655.000000	24.181923	10647	0.000000
281474976710655.000000	26.444536	10648	0.000000
281474976710655.000000	24.924807	10649	0.000000
281474976710655.000000	26.534451	10650	0.000000
281474976710655.000000	23.974993	10651	0.000000
281474976710655.000000	26.931360	10652	0.000000
281474976710655.000000	26.513935	10653	0.000000
281474976710655.000000	23.595703	10654	0.000000
281474976710655.000000	22.084005	10655	0.000000
281474976710655.000000	27.122335	10656	0.000000
281474976710655.000000	28.637104	10657	0.000000
281474976710655.000000	24.075613	10658	0.000000
281474976710655.000000	24.337893	10659	0.000000
281474976710655.000000	28.979910	10660	0.000000
281474976710655.000000	25.900314	10661	0.000000
281474976710655.000000	29.273762	10662	0.000000
281474976710655.000000	30.154415	10663	0.000000
281474976710655.000000	24.227547	10664	0.000000
281474976710655.000000	20.798939	10665	0.000000
281474976710655.000000	27.070772	10666	0.000000
281474976710655.000000	23.122795	10667	0.000000
281474976710655.000000	25.610525	10668	0.000000
281474976710655.000000	26.277626	10669	0.000000
281474976710655.000000	28.976368	10670	0.000000
281474976710655.000000	25.473047	10671	0.000000
281474976710655.000000	23.267410	10672	0.000000
281474976710655.000000	25.482548	10673	0.000000
281474976710655.000000	24.351835	10674	0.000000
281474976710655.000000	22.236431	10675	0.000000
281474976710655.000000	24.289158	10676	0.000000
281474976710655.000000	27.895937	10677	0.000000
281474976710655.000000	25.834959	10678	0.000000
281474976710655.000000	24.814445	10679	0.000000
281474976710655.000000	24.465174	10680	0.000000
281474976710655.000000	25.779564	10681	0.000000
281474976710655.000000	24.968485	10682	0.000000
281474976710655.000000	24.576702	10683	0.000000
281474976710655.000000	25.721519	10684	0.000000
281474976710655.000000	27.354660	10685	0.000000
281474976710655.000000	23.213772	10686	0.000000
281474976710655.000000	23.531937	10687	0.000000
281474976710655.000000	25.370819	10688	0.000000
281474976710655.000000	26.990358	10689	0.000000
281474976710655.000000	24.221575	10690	0.000000
281474976710655.000000	23.726286	10691	0.000000
281474976710655.000000	28.046480	10692	0.000000
281474976710655.000000	25.421942	10693	0.000000
281474976710655.000000	25.788429	10694	0.000000
281474976710655.000000	21.513426	10695	0.000000
281474976710655.000000	27.315058	10696	0.000000
281474976710655.000000	24.488464	10697	0.000000
281474976710655.000000	23.502918	10698	0.000000
281474976710655.000000	23.893002	10699	0.000000
281474976710655.000000	24.368593	10700	0.000000
281474976710655.000000	25.717363	10701	0.000000
281474976710655.000000	25.708681	10702	0.000000
281474976710655.000000	24.176245	10703	0.000000
281474976710655.000000	22.870384	10704	0.000000
281474976710655.000000	27.538403	10705	0.000000
281474976710655.000000	24.366354	10706	0.000000
281474976710655.000000	25.521515	10707	0.000000
281474976710655.000000	27.170303	10708	0.000000
281474976710655.000000	24.631756	10709	0.000000
281474976710655.000000	21.344379	10710	0.000000
281474976710655.000000	24.742216	10711	0.000000
281474976710655.000000	24.986326	10712	0.000000
281474976710655.000000	21.324360	10713	0.000000
281474976710655.000000	25.391577	10714	0.000000
281474976710655.000000	23.933777	10715	0.000000
281474976710655.000000	21.861649	10716	0.000000
281474976710655.000000	25.970263	10717	0.000000
281474976710655.000000	24.654604	10718	0.000000
281474976710655.000000	21.762247	10719	0.000000
281474976710655.000000	24.378670	10720	0.000000
281474976710655.000000	24.474903	10721	0.000000
281474976710655.000000	24.050253	10722	0.000000
281474976710655.000000	22.337425	10723	0.000000
281474976710655.000000	24.213089	10724	0.000000
281474976710655.000000	26.011593	10725	0.000000
281474976710655.000000	22.558500	10726	0.000000
281474976710655.000000	23.544262	10727	0.000000
281474976710655.000000	23.654253	10728	0.000000
281474976710655.000000	22.166504	10729	0.000000
281474976710655.000000	24.366053	10730	0.000000
281474976710655.000000	24.775703	10731	0.000000
281474976710655.000000	23.515215	10732	0.000000
281474976710655.000000	23.379713	10733	0.000000
281474976710655.000000	23.534395	10734	0.000000
281474976710655.000000	24.327618	10735	0.000000
281474976710655.000000	22.241016	10736	0.000000
281474976710655.000000	22.867922	10737	0.000000
281474976710655.000000	22.037663	10738	0.000000
281474976710655.000000	24.338627	10739	0.000000
281474976710655.000000	25.369940	10740	0.000000
281474976710655.000000	24.884586	10741	0.000000
281474976710655.000000	21.054592	10742	0.000000
281474976710655.000000	23.261076	10743	0.000000
281474976710655.000000	20.647566	10744	0.000000
281474976710655.000000	21.398735	10745	0.000000
281474976710655.000000	22.873995	10746	0.000000
281474976710655.000000	24.242607	10747	0.000000
281474976710655.000000	21.961666	10748	0.000000
281474976710655.000000	22.165451	10749	0.000000
281474976710655.000000	24.340567	10750	0.000000
281474976710655.000000	24.502420	10751	0.000000
281474976710655.000000	22.727495	10752	0.000000
281474976710655.000000	23.548632	10753	0.000000
281474976710655.000000	23.172951	10754	0.000000
281474976710655.000000	22.535807	10755	0.000000
281474976710655.000000	24.098270	10756	0.000000
281474976710655.000000	25.097307	10757	0.000000
281474976710655.000000	21.768175	10758	0.000000
281474976710655.000000	21.495504	10759	0.000000
281474976710655.000000	25.571432	10760	0.000000
281474976710655.000000	23.312149	10761	0.000000
281474976710655.000000	24.209913	10762	0.000000
281474976710655.000000	22.181225	10763	0.000000
281474976710655.000000	24.328255	10764	0.000000
281474976710655.000000	22.214308	10765	0.000000
281474976710655.000000	20.396856	10766	0.000000
281474976710655.000000	20.151670	10767	0.000000
281474976710655.000000	24.191059	10768	0.000000
281474976710655.000000	22.794271	10769	0.000000
281474976710655.000000	21.370701	10770	0.000000
281474976710655.000000	22.471626	10771	0.000000
281474976710655.000000	24.844126	10772	0.000000
281474976710655.000000	21.720425	10773	0.000000
281474976710655.000000	22.961859	10774	0.000000
281474976710655.000000	19.826006	10775	0.000000
281474976710655.000000	22.814548	10776	0.000000
281474976710655.000000	23.016251	10777	0.000000
281474976710655.000000	22.585634	10778	0.000000
281474976710655.000000	23.357855	10779	0.000000
281474976710655.000000	21.911451	10780	0.000000
281474976710655.000000	22.285967	10781	0.000000
281474976710655.000000	23.816345	10782	0.000000
281474976710655.000000	23.738670	10783	0.000000
281474976710655.000000	21.143257	10784	0.000000
281474976710655.000000	23.382187	10785	0.000000
281474976710655.000000	23.764126	10786	0.000000
281474976710655.000000	21.602468	10787	0.000000
281474976710655.000000	21.431787	10788	0.000000
281474976710655.000000	21.137220	10789	0.000000
281474976710655.000000	19.750719	10790	0.000000
281474976710655.000000	22.017693	10791	0.000000
281474976710655.000000	21.686069	10792	0.000000
281474976710655.000000	23.894239	10793	0.000000
281474976710655.000000	22.412045	10794	0.000000
281474976710655.000000	22.236080	10795	0.000000
281474976710655.000000	22.540192	10796	0.000000
281474976710655.000000	18.854063	10797	0.000000
281474976710655.000000	22.793142	10798	0.000000
281474976710655.000000	21.642502	10799	0.000000
281474976710655.000000	21.631229	10800	0.000000
281474976710655.000000	22.877470	10801	0.000000
281474976710655.000000	20.447647	10802	0.000000
281474976710655.000000	21.248093	10803	0.000000
281474976710655.000000	21.585629	10804	0.000000
281474976710655.000000	22.107229	10805	0.000000
281474976710655.000000	20.412348	10806	0.000000
281474976710655.000000	20.370264	10807	0.000000
281474976710655.000000	22.116568	10808	0.000000
281474976710655.000000	19.239805	10809	0.000000
281474976710655.000000	21.019382	10810	0.000000
281474976710655.000000	21.124441	10811	0.000000
281474976710655.000000	23.211615	10812	0.000000
281474976710655.000000	21.287643	10813	0.000000
281474976710655.000000	19.732332	10814	0.000000
281474976710655.000000	18.210100	10815	0.000000
281474976710655.000000	21.350246	10816	0.000000
281474976710655.000000	21.572130	10817	0.000000
281474976710655.000000	19.744614	10818	0.000000
281474976710655.000000	19.988188	10819	0.000000
281474976710655.000000	20.392292	10820	0.000000
281474976710655.000000	20.273436	10821	0.000000
281474976710655.000000	21.068211	10822	0.000000
281474976710655.000000	20.671356	10823	0.000000
281474976710655.000000	20.558437	10824	0.000000
281474976710655.000000	20.830763	10825	0.000000
281474976710655.000000	21.386536	10826	0.000000
281474976710655.000000	21.736300	10827	0.000000
281474976710655.000000	20.192314	10828	0.000000
281474976710655.000000	19.891846	10829	0.000000
281474976710655.000000	19.810894	10830	0.000000
281474976710655.000000	22.427902	10831	0.000000
281474976710655.000000	20.703518	10832	0.000000
281474976710655.000000	22.716719	10833	0.000000
281474976710655.000000	20.472502	10834	0.000000
281474976710655.000000	20.205050	10835	0.000000
281474976710655.000000	21.738689	10836	0.000000
281474976710655.000000	20.526276	10837	0.000000
281474976710655.000000	19.522823	10838	0.000000
281474976710655.000000	19.812210	10839	0.000000
281474976710655.000000	22.230249	10840	0.000000
281474976710655.000000	20.739601	10841	0.000000
281474976710655.000000	17.985386	10842	0.000000
281474976710655.000000	20.012861	10843	0.000000
281474976710655.000000	21.973465	10844	0.000000
281474976710655.000000	21.883001	10845	0.000000
281474976710655.000000	20.440298	10846	0.000000
